283330908524642304
723361293830193153
759468206334541834
432610292342587392
749778806285271090
549729447461388313
811968405501771776
473724695515103232
807249011866075146
652712025176145920
343849391943057409
471791516185001985
691441162262806568
772120500369358868
703996030978359458
618376329607381003
681566044456091681
856369013622046781
734860864548765857
355731324650127360
304353647381315584
758872376666095628
851143273921773580
1041413975784562799
457067576783274008
802352046429831188
362232124461547520
759077537073725550
932797385267105802
832328030684184636
407314072191631370
633165711996616725
439538875782922240
866176066900459531
542066148175380500
749056185734529044
817049880110694410
525817294031683596
370014602387259403
322020804122509324
933951424902086656
624330275127820305
203961024922124288
842428577621475328
